Transiciones indicada por politica: 
7
6
13
8
14
10
7
13
10
7
13
8
26
7
13
8
6
10
10
6
10
7
10
13
8
26
7
13
10
6
8
26
6
8
10
6
10
6
10
7
10
13
7
10
13
10
24
7
13
26
8
26
8
26
8
26
8
10
26
8
26
8
10
10
10
10
8
26
8
10
8
26
10
8
26
10
8
26
10
8
26
10
8
26
10
8
26
10
8
26
10
8
26
10
8
26
10
26
8
8
26
10
10
26
26
12
17
19
28
23
25
0
2
1
24
7
6
13
8
10
26
19
17
27
23
25
1
6
8
10
26
14
17
28
23
25
2
24
6
8
10
26
18
28
23
25
1
7
13
20
12
27
23
25
0
7
13
12
19
17
27
23
25
0
2
1
24
6
7
8
13
10
26
17
28
23
25
0
24
6
8
10
26
14
19
27
23
25
2
24
6
8
10
26
14
14
20
12
27
23
25
2
0
1
24
6
7
8
13
10
26
12
20
27
23
25
1
2
0
24
6
7
8
13
10
26
12
20
27
23
25
2
24
7
13
