Transiciones disparadas: 
0
1
2
3
4
5
7
0
6
1
2
13
7
3
8
6
4
5
13
14
7
0
9
6
1
2
13
3
8
6
4
5
7
0
9
6
1
2
13
3
10
6
4
5
7
0
11
6
1
2
13
3
10
6
26
4
5
0
7
11
6
26
1
2
3
7
13
8
4
5
0
7
13
9
1
6
2
3
7
13
8
4
6
5
0
7
13
9
1
2
3
7
13
8
4
5
0
6
7
13
9
1
2
3
6
13
8
4
5
0
6
9
1
7
2
3
6
10
4
7
13
5
0
6
11
1
13
2
3
6
8
4
26
5
0
7
6
9
1
2
3
13
7
10
4
5
0
13
7
11
6
1
2
3
13
7
10
26
4
5
0
13
7
11
26
1
6
2
3
13
7
8
4
6
5
0
13
7
9
1
2
3
13
7
8
4
5
6
0
13
7
9
1
2
3
13
7
8
4
5
0
6
13
7
9
1
2
3
6
13
8
4
5
0
6
9
7
1
2
3
6
8
13
4
5
0
6
9
1
7
2
3
6
8
4
7
13
5
0
6
9
1
13
2
3
6
10
4
5
24
7
11
7
13
26
10
13
11
26
10
11
26
10
11
10
26
11
26
8
9
10
11
26
10
11
10
26
11
26
8
9
8
9
8
9
8
9
10
11
10
26
11
26
8
9
10
11
8
9
26
10
11
8
9
26
10
11
8
9
26
10
11
8
9
26
10
11
8
26
9
10
11
8
26
9
10
11
8
26
9
10
11
8
26
9
10
11
8
26
9
10
11
10
26
11
26
10
11
8
26
9
8
9
10
11
10
26
11
26
10
11
26
16
12
15
12
17
18
28
21
28
23
21
25
23
0
2
3
5
24
7
6
13
8
9
10
11
26
15
12
19
27
22
23
25
1
24
4
6
8
9
10
11
26
15
14
17
28
21
23
25
2
5
24
6
8
9
10
11
26
16
18
14
28
21
23
25
1
24
4
7
13
16
20
14
27
22
23
25
0
24
3
7
13
16
12
15
12
19
27
20
22
27
23
25
22
23
0
2
3
5
24
6
7
8
13
9
10
11
26
15
17
12
28
21
23
25
0
3
24
6
8
9
10
11
26
15
12
19
27
22
23
25
2
24
5
6
8
9
10
11
26
15
12
15
14
16
20
14
19
27
22
27
23
22
25
23
2
0
5
24
3
6
7
8
13
9
10
11
26
16
14
20
19
27
22
27
23
22
25
23
1
2
4
24
5
6
7
8
13
9
10
11
26
16
12
20
27
22
23
25
2
5
24
7
13
